 #
H  cc-TZ
  6
  1  0  0  3  1
       10.8827241585  -0.0167058885
        3.0968750876  -0.0627538300
        0.9874518162  -0.1917521975
  1  0  0  1  1
        0.3450687533   1.0000000000
  1  0  0  1  1
        0.1492693554   1.0000000000
  2  1  1  1  1
        1.4070000000   1.0000000000
  2  1  1  1  1
        0.3880000000   1.0000000000
  3  2  2  1  1
        1.0570000000   1.0000000000
#
C  cc-TZ
  6
  2  0  1  3  1  1
        5.3685662937   0.0974901974  -0.0510969367
        1.9830691554   0.1041996677  -0.1693035193
        0.6978346167  -0.3645093878  -0.3579933930
  2  0  1  1  1  1
        0.2430968816   1.0000000000   1.0000000000
  2  0  1  1  1  1
        0.0812865018   1.0000000000   1.0000000000
  3  2  2  1  1
        1.0970000000   1.0000000000
  3  2  2  1  1
        0.3180000000   1.0000000000
  4  3  3  1  1
        0.7610000000   1.0000000000
#
# Nitrogen cc-pVTZ (10s,5p,2d,1f) -> [4s,3p,2d,1f]
N  cc-TZ
  4
1 0 0 10 4
      1.142000E+04           5.230000E-04          -1.150000E-04           0.000000E+00           0.000000E+00
      1.712000E+03           4.045000E-03          -8.950000E-04           0.000000E+00           0.000000E+00
      3.893000E+02           2.077500E-02          -4.624000E-03           0.000000E+00           0.000000E+00
      1.100000E+02           8.072700E-02          -1.852800E-02           0.000000E+00           0.000000E+00
      3.557000E+01           2.330740E-01          -5.733900E-02           0.000000E+00           0.000000E+00
      1.254000E+01           4.335010E-01          -1.320760E-01           0.000000E+00           0.000000E+00
      4.644000E+00           3.474720E-01          -1.725100E-01           0.000000E+00           0.000000E+00
      1.293000E+00           4.126200E-02           1.518140E-01           1.000000E+00           0.000000E+00
      5.118000E-01          -8.508000E-03           5.999440E-01           0.000000E+00           0.000000E+00
      1.787000E-01           2.384000E-03           3.874620E-01           0.000000E+00           1.000000E+00
1 1 1 5 3
      2.663000E+01           1.467000E-02           0.000000E+00           0.000000E+00
      5.948000E+00           9.176400E-02           0.000000E+00           0.000000E+00
      1.742000E+00           2.986830E-01           0.000000E+00           0.000000E+00
      5.550000E-01           4.984870E-01           1.000000E+00           0.000000E+00
      1.725000E-01           3.370230E-01           0.000000E+00           1.000000E+00
1 2 2 2 2
      1.654000E+00           1.000000E+00           0.000000E+00
      4.690000E-01           0.000000E+00           1.000000E+00
1 3 3 1 1
      1.093000E+00           1.0000000
#
# Oxygen cc-pVTZ (10s,5p,2d,1f) -> [4s,3p,2d,1f]
O  cc-TZ
  4
1 0 0 10 4
      1.533000E+04           5.080000E-04          -1.150000E-04           0.000000E+00           0.000000E+00
      2.299000E+03           3.929000E-03          -8.950000E-04           0.000000E+00           0.000000E+00
      5.224000E+02           2.024300E-02          -4.636000E-03           0.000000E+00           0.000000E+00
      1.473000E+02           7.918100E-02          -1.872400E-02           0.000000E+00           0.000000E+00
      4.755000E+01           2.306870E-01          -5.846300E-02           0.000000E+00           0.000000E+00
      1.676000E+01           4.331180E-01          -1.364630E-01           0.000000E+00           0.000000E+00
      6.207000E+00           3.502600E-01          -1.757400E-01           0.000000E+00           0.000000E+00
      1.752000E+00           4.272800E-02           1.609340E-01           1.000000E+00           0.000000E+00
      6.882000E-01          -8.154000E-03           6.034180E-01           0.000000E+00           0.000000E+00
      2.384000E-01           2.381000E-03           3.787650E-01           0.000000E+00           1.000000E+00
1 1 1 5 3
      3.446000E+01           1.592800E-02           0.000000E+00           0.000000E+00
      7.749000E+00           9.974000E-02           0.000000E+00           0.000000E+00
      2.280000E+00           3.104920E-01           0.000000E+00           0.000000E+00
      7.156000E-01           4.910260E-01           1.000000E+00           0.000000E+00
      2.140000E-01           3.363370E-01           0.000000E+00           1.000000E+00
1 2 2 2 2
      2.314000E+00           1.000000E+00           0.000000E+00
      6.450000E-01           0.000000E+00           1.000000E+00
1 3 3 1 1
      1.428000E+00           1.0000000
#



#
 H   RI_TZ
  10
  1  0  0  1  1
        8.5115919487        1.0000000000
  1  0  0  1  1
        1.8744684087        1.0000000000
  1  0  0  1  1
        0.5632515602        1.0000000000
  1  0  0  1  1
        0.3698299759        1.0000000000
  1  1  1  1  1
        2.3711712242        1.0000000000
  1  1  1  1  1
        1.1794161391        1.0000000000
  1  1  1  1  1
        0.6050431621        1.0000000000
  1  2  2  1  1
        1.8092525711        1.0000000000
  1  2  2  1  1
        1.1433220615        1.0000000000
  1  3  3  1  1
        1.8065804513        1.0000000000
#
 C   RI_TZ
  20
  1  0  0  1  1
       22.2608165950        1.0000000000
  1  0  0  1  1
        7.1315246807        1.0000000000
  1  0  0  1  1
        3.5380450775        1.0000000000
  1  0  0  1  1
        1.2333453175        1.0000000000
  1  0  0  1  1
        0.2821517353        1.0000000000
  1  0  0  1  1
        0.3468258230        1.0000000000
  1  1  1  1  1
        7.2975063903        1.0000000000
  1  1  1  1  1
        3.7896065213        1.0000000000
  1  1  1  1  1
        1.0633834831        1.0000000000
  1  1  1  1  1
        0.2356430320        1.0000000000
  1  1  1  1  1
        0.5078423493        1.0000000000
  1  2  2  1  1
        9.9000557486        1.0000000000
  1  2  2  1  1
        2.3408375066        1.0000000000
  1  2  2  1  1
        1.5195338451        1.0000000000
  1  2  2  1  1
        0.5788522388        1.0000000000
  1  2  2  1  1
        0.3721345858        1.0000000000
  1  3  3  1  1
        1.9332589728        1.0000000000
  1  3  3  1  1
        1.1560553410        1.0000000000
  1  3  3  1  1
        0.4987261239        1.0000000000
  1  4  4  1  1
        1.2175667359        1.0000000000
#

