# Date: Fri Jul  2 05:15:40 EEST 2021
# PWD: /scratch/project_2000054/Ilia/cp2k/HBQ/minus_excited
# O-H bond length | Ground state energy (a.u.) | Excitation energy (eV)
     95.00  -105.231402    0.505300
    100.00  -105.234690    0.522470
    102.00  -105.235370    0.531650
    103.00  -105.235572    0.536100
    105.00  -105.235716    0.543940
    107.00  -105.235510    0.555110
    110.00  -105.234966    0.569320
    115.00  -105.233759    0.593400
    120.00  -105.232099    0.624190
    125.00  -105.230278    0.653440
    130.00  -105.229780    0.682360
    135.00  -105.229635    0.712940
    140.00  -105.229718    0.744650
    145.00  -105.230327    0.773480
    150.00  -105.230958    0.803850
    #153.00  -105.231440    0.817890
    155.00  -105.231098    0.827770
    156.00  -105.231110    0.833420
    160.00  -105.229187    0.853620
    165.00  -105.225648    0.877800
    170.00  -105.218617    0.897360

